; @$ data are out of order
    6.38000       0.258022        50.0000        3 ,,,,    
    6.45500       0.260245        60.0000        3 ,,,,    
    5.29000       0.224867        70.0000        3 ,,,,    
    5.27000       0.224242        80.0000        3 ,,,,    
    11.1600       0.388985        10.0000        3 ,,,,
    9.10500       0.335002        20.0000        3 ,,,,    
    8.11500       0.307856        30.0000        3 ,,,,    
    8.44500       0.316998        40.0000        3 ,,,,    
    4.87500       0.211776        90.0000        3 ,,,,    
    4.33000       0.194124        100.000        3 ,,,,    
    5.00500       0.215908        110.000        3 ,,,,    
    4.60000       0.202939        120.000        3 ,,,,    
    4.45500       0.198223        130.000        3 ,,,,    
    4.20000       0.189828        140.000        3 ,,,,    
    4.69000       0.205846        150.000        3 ,,,,    
    4.08500       0.185999        160.000        3 ,,,,    
    3.62500       0.170381        170.000        3 ,,,,    
    4.77500       0.208578        180.000        3 ,,,,    
    3.76500       0.175187        190.000        3 ,,,,    
    10.0150       0.359268        200.000        3 ,,,,    
    11.5850       0.399805        210.000        3 ,,,,    
    9.51000       0.345878        220.000        3 ,,,,    
    8.75500       0.325500        230.000        3 ,,,,    
    8.73000       0.324817        240.000        3 ,,,,    
    6.95000       0.274751        250.000        3 ,,,,    
    6.66000       0.266287        260.000        3 ,,,,    
    5.81000       0.240890        270.000        3 ,,,,    
    5.61500       0.234928        280.000        3 ,,,,    
    5.23500       0.223148        290.000        3 ,,,,    
    5.56500       0.233390        300.000        3 ,,,,    
    5.29000       0.224867        310.000        3 ,,,,    
    4.95000       0.214163        320.000        3 ,,,,    
    4.32500       0.193960        330.000        3 ,,,,    
    4.47500       0.198876        340.000        3 ,,,,    
    4.18000       0.189164        350.000        3 ,,,,    
    4.26000       0.191816        360.000        3 ,,,,    
    3.65000       0.171243        370.000        3 ,,,,    
    3.70000       0.172962        380.000        3 ,,,,    
    3.30500       0.159205        390.000        3 ,,,,    
    5.22500       0.222835        420.000        3 ,,,,    
    12.4900       0.422503        430.000        3 ,,,,    
    10.8500       0.381023        440.000        3 ,,,,    
    9.81000       0.353855        450.000        3 ,,,,    
    9.47500       0.344943        460.000        3 ,,,,    
    9.28000       0.339717        470.000        3 ,,,,    
    6.55000       0.263051        490.000        3 ,,,,    
    5.97000       0.245742        500.000        3 ,,,,    
    6.25000       0.254152        510.000        3 ,,,,    
    5.59500       0.234313        520.000        3 ,,,,    
    5.20000       0.222052        530.000        3 ,,,,    
    4.92500       0.213369        540.000        3 ,,,,    
    4.25000       0.191485        550.000        3 ,,,,    
    4.27500       0.192311        560.000        3 ,,,,    
    4.16500       0.188666        570.000        3 ,,,,    
    4.49000       0.199365        580.000        3 ,,,,    
    4.72500       0.206973        590.000        3 ,,,,    
    5.52500       0.232157        600.000        3 ,,,,    
    5.29500       0.225023        610.000        3 ,,,,    
    11.6700       0.401957        620.000        3 ,,,,    
    13.6550       0.451088        630.000        3 ,,,,    
    11.4450       0.396253        640.000        3 ,,,,    
    10.5750       0.373909        650.000        3 ,,,,    
    9.54500       0.346812        660.000        3 ,,,,    
    9.03500       0.333110        670.000        3 ,,,,    
    8.32000       0.313547        680.000        3 ,,,,    
    7.17000       0.281109        690.000        3 ,,,,    
    6.96500       0.275186        700.000        3 ,,,,    
    7.19500       0.281828        710.000        3 ,,,,    
    6.45000       0.260097        720.000        3 ,,,,    
    5.67500       0.236768        730.000        3 ,,,,    
    6.25500       0.254301        740.000        3 ,,,,    
    4.92000       0.213210        750.000        3 ,,,,    
    5.00500       0.215908        760.000        3 ,,,,    
    4.91500       0.213051        770.000        3 ,,,,    
    5.07000       0.217963        780.000        3 ,,,,    
    4.34000       0.194453        790.000        3 ,,,,    
    4.06500       0.185330        800.000        3 ,,,,    
    4.66000       0.204879        810.000        3 ,,,,    
    4.34500       0.194618        820.000        3 ,,,,    
    3.88000       0.179100        830.000        3 ,,,,    
    4.12500       0.187334        840.000        3 ,,,,    
    3.18500       0.154940        850.000        3 ,,,,    
    3.92000       0.180453        860.000        3 ,,,,    
    3.18500       0.154940        870.000        3 ,,,,    
    3.64000       0.170898        880.000        3 ,,,,    
    9.96500       0.357951        890.000        3 ,,,,    
    12.4400       0.421260        900.000        3 ,,,,    
    11.8050       0.405365        910.000        3 ,,,,    
    9.16500       0.336622        920.000        3 ,,,,    
    9.00000       0.332162        930.000        3 ,,,,    
    9.48000       0.345077        940.000        3 ,,,,    
    7.80500       0.299178        950.000        3 ,,,,    
    7.06500       0.278081        960.000        3 ,,,,    
    5.95000       0.245138        970.000        3 ,,,,    
    6.43500       0.259653        980.000        3 ,,,,    
    5.77500       0.239824        990.000        3 ,,,,    
    5.67000       0.236615        1000.00        3 ,,,,    
    5.72000       0.238145        1010.00        3 ,,,,    
    4.72500       0.206973        1020.00        3 ,,,,    
    4.96500       0.214640        1030.00        3 ,,,,    
    4.78500       0.208899        1040.00        3 ,,,,    
    4.59000       0.202615        1050.00        3 ,,,,    
    3.59500       0.169345        1060.00        3 ,,,,    
    3.68000       0.172275        1070.00        3 ,,,,    
    3.97000       0.182140        1080.00        3 ,,,,    
    3.82500       0.177232        1090.00        3 ,,,,    
    7.20000       0.281972        1100.00        0 ,,,,    
    12.1300       0.413528        1110.00        3 ,,,,    
    11.1050       0.387576        1120.00        3 ,,,,    
    8.95000       0.330806        1130.00        3 ,,,,    
    9.55000       0.346946        1140.00        3 ,,,,    
    8.17000       0.309387        1150.00        3 ,,,,    
    7.34000       0.285987        1160.00        3 ,,,,    
    6.65000       0.265994        1170.00        3 ,,,,    
    6.38000       0.258022        1180.00        3 ,,,,    
    5.69000       0.237227        1190.00        3 ,,,,    
    4.42000       0.197078        1200.00        3 ,,,,    
    5.90000       0.243624        1210.00        3 ,,,,    
    4.95000       0.214163        1220.00        3 ,,,,    
    5.01500       0.216224        1230.00        3 ,,,,    
    4.96500       0.214640        1240.00        3 ,,,,    
    4.23500       0.190988        1250.00        3 ,,,,    
    4.88500       0.212095        1260.00        3 ,,,,    
    3.63000       0.170553        1270.00        3 ,,,,    
    3.76000       0.175016        1280.00        3 ,,,,    
    3.40000       0.162552        1290.00        3 ,,,,    
    3.35500       0.160969        1300.00        3 ,,,,    
    7.46000       0.289412        1310.00        3 ,,,,    
    8.48000       0.317962        1320.00        3 ,,,,    
    8.47500       0.317824        1330.00        3 ,,,,    
    7.67000       0.295371        1340.00        3 ,,,,    
    9.78000       0.353060        1350.00        3 ,,,,    
    11.0400       0.385910        1360.00        3 ,,,,    
    13.0900       0.437309        1370.00        3 ,,,,    
    13.2450       0.441105        1380.00        3 ,,,,    
    10.6750       0.376501        1390.00        3 ,,,,    
    9.99500       0.358742        1400.00        3 ,,,,    
    9.40500       0.343071        1410.00        3 ,,,,    
    9.20000       0.337565        1420.00        3 ,,,,    
    7.80000       0.299038        1430.00        3 ,,,,    
    7.91500       0.302268        1440.00        3 ,,,,    
    6.21000       0.252956        1450.00        3 ,,,,    
